solid blade
facet normal 0.965154 0.260183 0.0279887
outer loop
vertex -0.00151657 0.00737303 0.00749172
vertex 0.000243137 3.9465e-05 0
vertex -0.00172175 0.00732826 0
endloop
endfacet
facet normal 0.971483 0.237078 0.00388433
outer loop
vertex 0.000273339 3.84537e-05 0.00749172
vertex 0.000243137 3.9465e-05 0
vertex -0.00151657 0.00737303 0.00749172
endloop
endfacet
facet normal 0.980496 0.1965 0.00392614
outer loop
vertex 0.000273339 3.84537e-05 0.00749172
vertex 0.00171274 -0.00729356 0
vertex 0.000243137 3.9465e-05 0
endloop
endfacet
facet normal 0.985942 0.164683 0.0282593
outer loop
vertex 0.00150585 -0.0073405 0.00749172
vertex 0.00171274 -0.00729356 0
vertex 0.000273339 3.84537e-05 0.00749172
endloop
endfacet
facet normal 0.953085 0.301386 0.0282085
outer loop
vertex 0.00150585 -0.0073405 0.00749172
vertex -0.000401925 -0.000606275 0
vertex 0.00171274 -0.00729356 0
endloop
endfacet
facet normal 0.962775 0.270295 0.00220664
outer loop
vertex -0.00039026 -0.000586665 0.00749172
vertex -0.000401925 -0.000606275 0
vertex 0.00150585 -0.0073405 0.00749172
endloop
endfacet
facet normal 0.986444 0.164085 0.00196548
outer loop
vertex -0.00039026 -0.000586665 0.00749172
vertex -0.00172175 0.00732826 0
vertex -0.000401925 -0.000606275 0
endloop
endfacet
facet normal 0.98975 0.140051 0.0279444
outer loop
vertex -0.00151657 0.00737303 0.00749172
vertex -0.00172175 0.00732826 0
vertex -0.00039026 -0.000586665 0.00749172
endloop
endfacet
facet normal 0.358825 0.933395 0.00424931
outer loop
vertex -0.00151657 0.00737303 0.00749172
vertex -0.00151657 0.00737303 0.00749172
vertex -0.00172175 0.00732826 0
endloop
endfacet
facet normal 0.358826 0.933396 0.00390485
outer loop
vertex -0.00135388 0.00740423 0.0149834
vertex -0.00151657 0.00737303 0.00749172
vertex -0.00151657 0.00737303 0.00749172
endloop
endfacet
facet normal 0.971253 0.237022 0.0220781
outer loop
vertex -0.00135388 0.00740423 0.0149834
vertex 0.000273339 3.84537e-05 0.00749172
vertex -0.00151657 0.00737303 0.00749172
endloop
endfacet
facet normal 0.975845 0.218446 0.00281701
outer loop
vertex 0.000295478 3.61648e-05 0.0149834
vertex 0.000273339 3.84537e-05 0.00749172
vertex -0.00135388 0.00740423 0.0149834
endloop
endfacet
facet normal 0.986332 0.164748 0.0028644
outer loop
vertex 0.000295478 3.61648e-05 0.0149834
vertex 0.00150585 -0.0073405 0.00749172
vertex 0.000273339 3.84537e-05 0.00749172
endloop
endfacet
facet normal 0.989928 0.139806 0.0222758
outer loop
vertex 0.00134189 -0.00737321 0.0149834
vertex 0.00150585 -0.0073405 0.00749172
vertex 0.000295478 3.61648e-05 0.0149834
endloop
endfacet
facet normal 0.962539 0.270229 0.0222458
outer loop
vertex 0.00134189 -0.00737321 0.0149834
vertex -0.00039026 -0.000586665 0.00749172
vertex 0.00150585 -0.0073405 0.00749172
endloop
endfacet
facet normal 0.969333 0.245747 0.00150195
outer loop
vertex -0.000382249 -0.000572474 0.0149834
vertex -0.00039026 -0.000586665 0.00749172
vertex 0.00134189 -0.00737321 0.0149834
endloop
endfacet
facet normal 0.990136 0.140106 0.00132409
outer loop
vertex -0.000382249 -0.000572474 0.0149834
vertex -0.00151657 0.00737303 0.00749172
vertex -0.00039026 -0.000586665 0.00749172
endloop
endfacet
facet normal 0.992421 0.120886 0.0220541
outer loop
vertex -0.00135388 0.00740423 0.0149834
vertex -0.00151657 0.00737303 0.00749172
vertex -0.000382249 -0.000572474 0.0149834
endloop
endfacet
facet normal 0.371794 0.928306 0.00420765
outer loop
vertex -0.00135388 0.00740423 0.0149834
vertex -0.00135388 0.00740423 0.0149834
vertex -0.00151657 0.00737303 0.00749172
endloop
endfacet
facet normal 0.371794 0.928308 0.00374549
outer loop
vertex -0.00122216 0.00742675 0.0224752
vertex -0.00135388 0.00740423 0.0149834
vertex -0.00135388 0.00740423 0.0149834
endloop
endfacet
facet normal 0.975694 0.218412 0.0178114
outer loop
vertex -0.00122216 0.00742675 0.0224752
vertex 0.000295478 3.61648e-05 0.0149834
vertex -0.00135388 0.00740423 0.0149834
endloop
endfacet
facet normal 0.979137 0.203192 0.00209929
outer loop
vertex 0.00031211 3.3419e-05 0.0224752
vertex 0.000295478 3.61648e-05 0.0149834
vertex -0.00122216 0.00742675 0.0224752
endloop
endfacet
facet normal 0.990172 0.13984 0.002147
outer loop
vertex 0.00031211 3.3419e-05 0.0224752
vertex 0.00134189 -0.00737321 0.0149834
vertex 0.000295478 3.61648e-05 0.0149834
endloop
endfacet
facet normal 0.99263 0.119845 0.0179584
outer loop
vertex 0.0012092 -0.00739681 0.0224752
vertex 0.00134189 -0.00737321 0.0149834
vertex 0.00031211 3.3419e-05 0.0224752
endloop
endfacet
facet normal 0.969178 0.245708 0.0179395
outer loop
vertex 0.0012092 -0.00739681 0.0224752
vertex -0.000382249 -0.000572474 0.0149834
vertex 0.00134189 -0.00737321 0.0149834
endloop
endfacet
facet normal 0.974122 0.226021 0.00104398
outer loop
vertex -0.000376696 -0.000561803 0.0224752
vertex -0.000382249 -0.000572474 0.0149834
vertex 0.0012092 -0.00739681 0.0224752
endloop
endfacet
facet normal 0.992662 0.120915 0.000908015
outer loop
vertex -0.000376696 -0.000561803 0.0224752
vertex -0.00135388 0.00740423 0.0149834
vertex -0.000382249 -0.000572474 0.0149834
endloop
endfacet
facet normal 0.994289 0.10523 0.017798
outer loop
vertex -0.00122216 0.00742675 0.0224752
vertex -0.00135388 0.00740423 0.0149834
vertex -0.000376696 -0.000561803 0.0224752
endloop
endfacet
facet normal 0.380016 0.924972 0.00390008
outer loop
vertex -0.00122216 0.00742675 0.0224752
vertex -0.00122216 0.00742675 0.0224752
vertex -0.00135388 0.00740423 0.0149834
endloop
endfacet
facet normal 0.380017 0.924973 0.00343952
outer loop
vertex -0.00111356 0.00744351 0.0299669
vertex -0.00122216 0.00742675 0.0224752
vertex -0.00122216 0.00742675 0.0224752
endloop
endfacet
facet normal 0.979034 0.20317 0.0146467
outer loop
vertex -0.00111356 0.00744351 0.0299669
vertex 0.00031211 3.3419e-05 0.0224752
vertex -0.00122216 0.00742675 0.0224752
endloop
endfacet
facet normal 0.981687 0.190493 0.00160258
outer loop
vertex 0.000324888 3.05967e-05 0.0299669
vertex 0.00031211 3.3419e-05 0.0224752
vertex -0.00111356 0.00744351 0.0299669
endloop
endfacet
facet normal 0.992789 0.119865 0.00164812
outer loop
vertex 0.000324888 3.05967e-05 0.0299669
vertex 0.0012092 -0.00739681 0.0224752
vertex 0.00031211 3.3419e-05 0.0224752
endloop
endfacet
facet normal 0.994518 0.103522 0.0147579
outer loop
vertex 0.00109986 -0.00741436 0.0299669
vertex 0.0012092 -0.00739681 0.0224752
vertex 0.000324888 3.05967e-05 0.0299669
endloop
endfacet
facet normal 0.974016 0.225997 0.0147455
outer loop
vertex 0.00109986 -0.00741436 0.0299669
vertex -0.000376696 -0.000561803 0.0224752
vertex 0.0012092 -0.00739681 0.0224752
endloop
endfacet
facet normal 0.977729 0.209868 0.0007386
outer loop
vertex -0.000372815 -0.000553519 0.0299669
vertex -0.000376696 -0.000561803 0.0224752
vertex 0.00109986 -0.00741436 0.0299669
endloop
endfacet
facet normal 0.994446 0.105247 0.000631568
outer loop
vertex -0.000372815 -0.000553519 0.0299669
vertex -0.00122216 0.00742675 0.0224752
vertex -0.000376696 -0.000561803 0.0224752
endloop
endfacet
facet normal 0.995631 0.0922231 0.0146391
outer loop
vertex -0.00111356 0.00744351 0.0299669
vertex -0.00122216 0.00742675 0.0224752
vertex -0.000372815 -0.000553519 0.0299669
endloop
endfacet
facet normal 0.995631 0.0922231 0.0146391
outer loop
vertex -0.00111356 0.00744351 0.0299669
vertex -0.00122216 0.00742675 0.0224752
vertex -0.000372815 -0.000553519 0.0299669
endloop
endfacet
facet normal 0 0 1
outer loop
vertex 0.000324888 3.05967e-05 0.0299669
vertex -0.00111356 0.00744351 0.0299669
vertex -0.000372815 -0.000553519 0.0299669
endloop
endfacet
facet normal 0 0 1
outer loop
vertex 0.000324888 3.05967e-05 0.0299669
vertex -0.000372815 -0.000553519 0.0299669
vertex 0.00109986 -0.00741436 0.0299669
endloop
endfacet
facet normal 0 0 1
outer loop
vertex 0.000324888 3.05967e-05 0.0299669
vertex -0.000372815 -0.000553519 0.0299669
vertex 0.00109986 -0.00741436 0.0299669
endloop
endfacet
facet normal 0 0 1
outer loop
vertex 0.000324888 3.05967e-05 0.0299669
vertex -0.000372815 -0.000553519 0.0299669
vertex 0.00109986 -0.00741436 0.0299669
endloop
endfacet
facet normal 0 0 1
outer loop
vertex -0.000372815 -0.000553519 0.0299669
vertex 0.00109986 -0.00741436 0.0299669
vertex 0.000324888 3.05967e-05 0.0299669
endloop
endfacet
facet normal 0 0 1
outer loop
vertex -0.000372815 -0.000553519 0.0299669
vertex 0.000324888 3.05967e-05 0.0299669
vertex -0.00111356 0.00744351 0.0299669
endloop
endfacet
facet normal 0 0 1
outer loop
vertex -0.000372815 -0.000553519 0.0299669
vertex 0.000324888 3.05967e-05 0.0299669
vertex -0.00111356 0.00744351 0.0299669
endloop
endfacet
facet normal 0 0 1
outer loop
vertex -0.000401925 -0.000606275 0
vertex 0.000243137 3.9465e-05 0
vertex 0.00171274 -0.00729356 0
endloop
endfacet
facet normal 0 0 1
outer loop
vertex -0.000401925 -0.000606275 0
vertex 0.000243137 3.9465e-05 0
vertex 0.00171274 -0.00729356 0
endloop
endfacet
facet normal 0 0 1
outer loop
vertex -0.000401925 -0.000606275 0
vertex 0.000243137 3.9465e-05 0
vertex 0.00171274 -0.00729356 0
endloop
endfacet
facet normal 0 0 1
outer loop
vertex 0.00171274 -0.00729356 0
vertex -0.000401925 -0.000606275 0
vertex 0.000243137 3.9465e-05 0
endloop
endfacet
endsolid blade
